P3
38 36
255
255 255 255 252 252 252 251 251 251 255 255 255 255 255 255 255 255 255 249 249 249 249 249 249 255 255 255 166 166 166 253 253 253 251 251 251 253 253 253 251 251 251 250 250 250 253 253 253 253 253 253 168 168 168 253 253 253 253 253 253 252 252 252 248 248 248 250 250 250 251 251 251 248 248 248 164 164 164 249 249 249 249 249 249 249 249 249 250 250 250 252 252 252 254 254 254 254 254 254 248 248 248 168 168 168 246 246 246 249 249 249 253 253 253 
253 253 253 246 246 246 250 250 250 245 245 245 250 250 250 255 255 255 251 251 251 253 253 253 255 255 255 255 255 255 170 170 170 255 255 255 252 252 252 243 243 243 240 240 240 253 253 253 246 246 246 243 243 243 170 170 170 253 253 253 254 254 254 253 253 253 249 249 249 251 251 251 253 253 253 252 252 252 251 251 251 170 170 170 249 249 249 249 249 249 249 249 249 252 252 252 254 254 254 254 254 254 253 253 253 167 167 167 250 250 250 251 251 251 
254 254 254 253 253 253 255 255 255 249 249 249 159 159 159 2 2 2 0 0 0 0 0 0 4 4 4 8 8 8 0 0 0 0 0 0 0 0 0 0 0 0 4 4 4 20 20 20 236 236 236 252 252 252 254 254 254 251 251 251 167 167 167 252 252 252 254 254 254 253 253 253 253 253 253 253 253 253 253 253 253 252 252 252 164 164 164 248 248 248 248 248 248 250 250 250 252 252 252 253 253 253 251 251 251 250 250 250 170 170 170 251 251 251 
254 254 254 253 253 253 254 254 254 254 254 254 255 255 255 255 255 255 0 0 0 5 5 5 10 10 10 3 3 3 7 7 7 0 0 0 0 0 0 0 0 0 0 0 0 0 0 0 0 0 0 170 170 170 255 255 255 254 254 254 252 252 252 165 165 165 249 249 249 247 247 247 245 245 245 244 244 244 245 245 245 243 243 243 246 246 246 170 170 170 246 246 246 245 245 245 246 246 246 250 250 250 251 251 251 250 250 250 247 247 247 242 242 242 
156 156 156 252 252 252 249 249 249 251 251 251 252 252 252 252 252 252 254 254 254 90 90 90 2 2 2 0 0 0 0 0 0 0 0 0 11 11 11 9 9 9 1 1 1 5 5 5 11 11 11 3 3 3 86 86 86 255 255 255 251 251 251 244 244 244 163 163 163 249 249 249 253 253 253 248 248 248 237 237 237 233 233 233 235 235 235 236 236 236 236 236 236 150 150 150 234 234 234 236 236 236 242 242 242 243 243 243 240 240 240 236 236 236 
233 233 233 150 150 150 249 249 249 255 255 255 253 253 253 253 253 253 248 248 248 255 255 255 170 170 170 1 1 1 4 4 4 13 13 13 10 10 10 0 0 0 1 1 1 2 2 2 0 0 0 0 0 0 0 0 0 0 0 0 248 248 248 255 255 255 253 253 253 252 252 252 170 170 170 252 252 252 239 239 239 174 174 174 135 135 135 130 130 130 137 137 137 140 140 140 84 84 84 137 137 137 140 140 140 145 145 145 142 142 142 137 137 137 
136 136 136 133 133 133 119 119 119 142 142 142 232 232 232 243 243 243 252 252 252 249 249 249 254 254 254 255 255 255 4 4 4 0 0 0 0 0 0 0 0 0 0 0 0 3 3 3 0 0 0 2 2 2 1 1 1 4 4 4 8 8 8 171 171 171 253 253 253 252 252 252 249 249 249 166 166 166 252 252 252 241 241 241 185 185 185 125 125 125 133 133 133 140 140 140 145 145 145 138 138 138 144 144 144 142 142 142 142 142 142 145 145 145 
145 145 145 141 141 141 138 138 138 135 135 135 80 80 80 228 228 228 252 252 252 252 252 252 250 250 250 249 249 249 254 254 254 85 85 85 0 0 0 8 8 8 4 4 4 7 7 7 3 3 3 0 0 0 2 2 2 5 5 5 1 1 1 2 2 2 85 85 85 255 255 255 255 255 255 254 254 254 168 168 168 253 253 253 250 250 250 243 243 243 137 137 137 147 147 147 146 146 146 142 142 142 144 144 144 60 60 60 146 146 146 145 145 145 
145 145 145 144 144 144 140 140 140 141 141 141 135 135 135 82 82 82 199 199 199 255 255 255 252 252 252 251 251 251 242 242 242 255 255 255 170 170 170 1 1 1 3 3 3 1 1 1 0 0 0 0 0 0 0 0 0 0 0 0 2 2 2 0 0 0 9 9 9 0 0 0 255 255 255 255 255 255 253 253 253 253 253 253 168 168 168 250 250 250 243 243 243 154 154 154 138 138 138 143 143 143 141 141 141 142 142 142 83 83 83 144 144 144 
145 145 145 150 150 150 144 144 144 136 136 136 140 140 140 138 138 138 128 128 128 139 139 139 244 244 244 252 252 252 251 251 251 242 242 242 253 253 253 255 255 255 0 0 0 4 4 4 0 0 0 0 0 0 7 7 7 7 7 7 4 4 4 0 0 0 5 5 5 6 6 6 8 8 8 165 165 165 251 251 251 254 254 254 251 251 251 166 166 166 252 252 252 241 241 241 185 185 185 125 125 125 133 133 133 140 140 140 145 145 145 138 138 138 
144 144 144 142 142 142 142 142 142 145 145 145 145 145 145 141 141 141 138 138 138 135 135 135 80 80 80 228 228 228 252 252 252 252 252 252 250 250 250 247 247 247 253 253 253 85 85 85 0 0 0 0 0 0 0 0 0 0 0 0 0 0 0 0 0 0 0 0 0 0 0 0 1 1 1 0 0 0 84 84 84 251 251 251 255 255 255 253 253 253 167 167 167 253 253 253 254 254 254 239 239 239 154 154 154 131 131 131 133 133 133 141 141 141 
140 140 140 71 71 71 138 138 138 139 139 139 142 142 142 142 142 142 139 139 139 138 138 138 134 134 134 85 85 85 187 187 187 245 245 245 247 247 247 252 252 252 249 249 249 255 255 255 170 170 170 1 1 1 5 5 5 6 6 6 6 6 6 0 0 0 0 0 0 1 1 1 10 10 10 0 0 0 0 0 0 0 0 0 255 255 255 252 252 252 242 242 242 247 247 247 168 168 168 249 249 249 248 248 248 237 237 237 233 233 233 235 235 235 
236 236 236 236 236 236 150 150 150 234 234 234 236 236 236 242 242 242 243 243 243 240 240 240 236 236 236 233 233 233 170 170 170 235 235 235 249 249 249 253 253 253 253 253 253 248 248 248 250 250 250 236 236 236 11 11 11 0 0 0 0 0 0 0 0 0 2 2 2 14 14 14 0 0 0 0 0 0 0 0 0 0 0 0 10 10 10 165 165 165 250 250 250 254 254 254 252 252 252 165 165 165 249 249 249 247 247 247 245 245 245 244 244 244 
245 245 245 243 243 243 246 246 246 170 170 170 246 246 246 245 245 245 246 246 246 250 250 250 251 251 251 250 250 250 247 247 247 242 242 242 156 156 156 252 252 252 249 249 249 251 251 251 252 252 252 249 249 249 253 253 253 237 237 237 246 246 246 255 255 255 255 255 255 249 249 249 246 246 246 252 252 252 166 166 166 248 248 248 255 255 255 252 252 252 249 249 249 252 252 252 242 242 242 239 239 239 168 168 168 250 250 250 254 254 254 254 254 254 
253 253 253 253 253 253 253 253 253 253 253 253 250 250 250 166 166 166 248 248 248 248 248 248 250 250 250 251 251 251 252 252 252 252 252 252 251 251 251 166 166 166 254 254 254 254 254 254 254 254 254 254 254 254 251 251 251 249 249 249 254 254 254 253 253 253 253 253 253 251 251 251 251 251 251 252 252 252 255 255 255 170 170 170 246 246 246 255 255 255 246 246 246 255 255 255 234 234 234 255 255 255 254 254 254 253 253 253 168 168 168 254 254 254 
253 253 253 249 249 249 251 251 251 253 253 253 253 253 253 253 253 253 166 166 166 249 249 249 249 249 249 249 249 249 252 252 252 255 255 255 254 254 254 254 254 254 165 165 165 250 250 250 251 251 251 255 255 255 254 254 254 254 254 254 254 254 254 243 243 243 253 253 253 251 251 251 254 254 254 255 255 255 252 252 252 252 252 252 251 251 251 169 169 169 252 252 252 255 255 255 255 255 255 251 251 251 252 252 252 241 241 241 249 249 249 169 169 169 
253 253 253 252 252 252 252 252 252 247 247 247 251 251 251 251 251 251 249 249 249 166 166 166 250 250 250 250 250 250 249 249 249 251 251 251 252 252 252 254 254 254 254 254 254 250 250 250 169 169 169 248 248 248 249 249 249 254 254 254 254 254 254 250 250 250 254 254 254 253 253 253 249 249 249 249 249 249 250 250 250 251 251 251 246 246 246 247 247 247 166 166 166 254 254 254 255 255 255 254 254 254 251 251 251 250 250 250 253 253 253 255 255 255 
168 168 168 250 250 250 252 252 252 249 249 249 245 245 245 252 252 252 253 253 253 253 253 253 252 252 252 166 166 166 249 249 249 249 249 249 250 250 250 252 252 252 254 254 254 254 254 254 254 254 254 165 165 165 249 249 249 251 251 251 249 249 249 253 253 253 250 250 250 254 254 254 255 255 255 248 248 248 248 248 248 252 252 252 249 249 249 246 246 246 244 244 244 168 168 168 249 249 249 252 252 252 252 252 252 249 249 249 251 251 251 252 252 252 
252 252 252 254 254 254 162 162 162 250 250 250 252 252 252 253 253 253 253 253 253 249 249 249 247 247 247 250 250 250 166 166 166 250 250 250 251 251 251 252 252 252 254 254 254 255 255 255 254 254 254 251 251 251 169 169 169 249 249 249 253 253 253 253 253 253 254 254 254 254 254 254 247 247 247 253 253 253 239 239 239 242 242 242 251 251 251 251 251 251 252 252 252 254 254 254 253 253 253 168 168 168 252 252 252 253 253 253 253 253 253 250 250 250 
249 249 249 250 250 250 251 251 251 167 167 167 252 252 252 252 252 252 253 253 253 253 253 253 251 251 251 250 250 250 251 251 251 168 168 168 251 251 251 251 251 251 252 252 252 252 252 252 253 253 253 252 252 252 253 253 253 253 253 253 164 164 164 252 252 252 251 251 251 251 251 251 254 254 254 254 254 254 255 255 255 248 248 248 234 234 234 229 229 229 236 236 236 238 238 238 235 235 235 237 237 237 157 157 157 245 245 245 238 238 238 233 233 233 
235 235 235 243 243 243 248 248 248 248 248 248 169 169 169 250 250 250 250 250 250 242 242 242 245 245 245 250 250 250 249 249 249 251 251 251 253 253 253 170 170 170 253 253 253 253 253 253 254 254 254 253 253 253 253 253 253 254 254 254 254 254 254 169 169 169 252 252 252 254 254 254 254 254 254 250 250 250 246 246 246 250 250 250 235 235 235 196 196 196 184 184 184 180 180 180 173 173 173 172 172 172 174 174 174 102 102 102 187 187 187 186 186 186 
186 186 186 203 203 203 227 227 227 247 247 247 253 253 253 251 251 251 166 166 166 249 249 249 247 247 247 247 247 247 249 249 249 249 249 249 242 242 242 247 247 247 167 167 167 251 251 251 251 251 251 252 252 252 252 252 252 253 253 253 255 255 255 254 254 254 159 159 159 239 239 239 251 251 251 246 246 246 253 253 253 237 237 237 254 254 254 240 240 240 192 192 192 172 172 172 171 171 171 164 164 164 166 166 166 163 163 163 160 160 160 163 163 163 
164 164 164 158 158 158 169 169 169 195 195 195 222 222 222 246 246 246 254 254 254 166 166 166 247 247 247 249 249 249 249 249 249 246 246 246 246 246 246 251 251 251 249 249 249 162 162 162 246 246 246 245 245 245 246 246 246 247 247 247 248 248 248 250 250 250 249 249 249 245 245 245 165 165 165 246 246 246 246 246 246 249 249 249 247 247 247 248 248 248 253 253 253 226 226 226 185 185 185 170 170 170 166 166 166 166 166 166 165 165 165 167 167 167 
87 87 87 171 171 171 167 167 167 170 170 170 192 192 192 224 224 224 250 250 250 253 253 253 167 167 167 251 251 251 253 253 253 253 253 253 239 239 239 241 241 241 247 247 247 227 227 227 240 240 240 160 160 160 237 237 237 236 236 236 237 237 237 239 239 239 241 241 241 241 241 241 235 235 235 158 158 158 237 237 237 227 227 227 246 246 246 251 251 251 252 252 252 254 254 254 235 235 235 185 185 185 166 166 166 167 167 167 164 164 164 165 165 165 
163 163 163 79 79 79 167 167 167 163 163 163 165 165 165 190 190 190 223 223 223 249 249 249 251 251 251 253 253 253 168 168 168 253 253 253 253 253 253 250 250 250 247 247 247 240 240 240 153 153 153 102 102 102 83 83 83 101 101 101 98 98 98 96 96 96 93 93 93 90 90 90 91 91 91 95 95 95 36 36 36 105 105 105 107 107 107 236 236 236 248 248 248 252 252 252 250 250 250 234 234 234 175 175 175 166 166 166 164 164 164 164 164 164 
165 165 165 169 169 169 171 171 171 163 163 163 170 170 170 166 166 166 165 165 165 191 191 191 222 222 222 241 241 241 252 252 252 166 166 166 251 251 251 252 252 252 254 254 254 252 252 252 248 248 248 209 209 209 100 100 100 34 34 34 99 99 99 100 100 100 100 100 100 99 99 99 97 97 97 95 95 95 95 95 95 99 99 99 79 79 79 96 96 96 185 185 185 245 245 245 249 249 249 250 250 250 252 252 252 222 222 222 182 182 182 164 164 164 
165 165 165 163 163 163 166 166 166 170 170 170 93 93 93 169 169 169 166 166 166 168 168 168 183 183 183 222 222 222 240 240 240 251 251 251 170 170 170 251 251 251 252 252 252 248 248 248 249 249 249 243 243 243 240 240 240 104 104 104 101 101 101 86 86 86 106 106 106 105 105 105 104 104 104 103 103 103 101 101 101 98 98 98 101 101 101 86 86 86 90 90 90 118 118 118 240 240 240 244 244 244 248 248 248 255 255 255 232 232 232 181 181 181 
167 167 167 164 164 164 165 165 165 165 165 165 167 167 167 84 84 84 166 166 166 165 165 165 174 174 174 182 182 182 228 228 228 248 248 248 252 252 252 253 253 253 169 169 169 254 254 254 250 250 250 249 249 249 247 247 247 239 239 239 143 143 143 96 96 96 90 90 90 103 103 103 102 102 102 100 100 100 99 99 99 96 96 96 93 93 93 92 92 92 29 29 29 98 98 98 89 89 89 241 241 241 247 247 247 250 250 250 253 253 253 240 240 240 
176 176 176 165 165 165 164 164 164 165 165 165 164 164 164 166 166 166 166 166 166 163 163 163 165 165 165 164 164 164 166 166 166 197 197 197 230 230 230 246 246 246 253 253 253 169 169 169 254 254 254 253 253 253 251 251 251 250 250 250 247 247 247 211 211 211 119 119 119 40 40 40 98 98 98 98 98 98 98 98 98 98 98 98 98 98 98 97 97 97 97 97 97 97 97 97 81 81 81 108 108 108 188 188 188 240 240 240 248 248 248 251 251 251 
255 255 255 226 226 226 182 182 182 164 164 164 165 165 165 163 163 163 165 165 165 166 166 166 83 83 83 165 165 165 165 165 165 170 170 170 188 188 188 228 228 228 241 241 241 247 247 247 170 170 170 248 248 248 249 249 249 250 250 250 247 247 247 242 242 242 250 250 250 226 226 226 245 245 245 166 166 166 242 242 242 241 241 241 241 241 241 241 241 241 241 241 241 240 240 240 238 238 238 163 163 163 240 240 240 231 231 231 246 246 246 249 249 249 
245 245 245 254 254 254 231 231 231 179 179 179 167 167 167 164 164 164 164 164 164 163 163 163 165 165 165 82 82 82 164 164 164 165 165 165 174 174 174 185 185 185 229 229 229 243 243 243 249 249 249 248 248 248 163 163 163 248 248 248 249 249 249 250 250 250 246 246 246 248 248 248 251 251 251 250 250 250 165 165 165 250 250 250 250 250 250 251 251 251 251 251 251 252 252 252 252 252 252 252 252 252 165 165 165 249 249 249 250 250 250 245 245 245 
250 250 250 244 244 244 253 253 253 238 238 238 177 177 177 167 167 167 164 164 164 167 167 167 164 164 164 164 164 164 165 165 165 164 164 164 165 165 165 164 164 164 168 168 168 201 201 201 231 231 231 244 244 244 250 250 250 167 167 167 252 252 252 249 249 249 253 253 253 252 252 252 252 252 252 250 250 250 247 247 247 167 167 167 253 253 253 253 253 253 253 253 253 253 253 253 253 253 253 252 252 252 253 253 253 244 244 244 165 165 165 251 251 251 
252 252 252 252 252 252 250 250 250 250 250 250 253 253 253 225 225 225 190 190 190 173 173 173 174 174 174 172 172 172 171 171 171 171 171 171 88 88 88 169 169 169 173 173 173 179 179 179 196 196 196 234 234 234 245 245 245 249 249 249 165 165 165 253 253 253 252 252 252 250 250 250 250 250 250 249 249 249 251 251 251 253 253 253 254 254 254 169 169 169 254 254 254 254 254 254 254 254 254 253 253 253 253 253 253 254 254 254 248 248 248 162 162 162 
246 246 246 247 247 247 253 253 253 252 252 252 252 252 252 244 244 244 229 229 229 206 206 206 192 192 192 187 187 187 184 184 184 180 180 180 177 177 177 100 100 100 179 179 179 184 184 184 193 193 193 210 210 210 227 227 227 243 243 243 249 249 249 252 252 252 170 170 170 254 254 254 254 254 254 253 253 253 254 254 254 254 254 254 254 254 254 254 254 254 170 170 170 255 255 255 255 255 255 254 254 254 254 254 254 254 254 254 254 254 254 252 252 252 
170 170 170 252 252 252 253 253 253 253 253 253 254 254 254 254 254 254 245 245 245 243 243 243 238 238 238 234 234 234 230 230 230 226 226 226 223 223 223 222 222 222 222 222 222 170 170 170 225 225 225 229 229 229 233 233 233 239 239 239 244 244 244 248 248 248 251 251 251 168 168 168 255 255 255 255 255 255 255 255 255 255 255 255 255 255 255 255 255 255 255 255 255 170 170 170 255 255 255 255 255 255 255 255 255 255 255 255 255 255 255 255 255 255 
255 255 255 255 255 255 170 170 170 255 255 255 255 255 255 255 255 255 255 255 255 255 255 255 252 252 252 250 250 250 248 248 248 246 246 246 244 244 244 242 242 242 240 240 240 239 239 239 154 154 154 241 241 241 243 243 243 247 247 247 251 251 251 252 252 252 253 253 253 253 253 253 170 170 170 255 255 255 255 255 255 255 255 255 255 255 255 255 255 255 255 255 255 255 255 255 255 255 255 170 170 170 255 255 255 255 255 255 255 255 255 255 255 255 